1544 1826 2703 3812 8282 8078 6752 9739 2863 774 
6188 4523 8010 754 7814 6443 2816 4774 5793 7348 
1270 7680 9870 812 9079 2753 7572 762 3615 3814 
9456 2927 4928 5957 304 5509 2348 6859 314 8367 
3632 8086 7852 2169 9360 2214 8480 5361 7406 9044 
2652 259 5602 984 4818 5826 3168 1970 3467 3840 
4558 3919 526 1363 6150 7030 9886 4924 8145 2407 
8557 849 5816 9263 2901 6053 6020 5946 4419 7941 
8587 2325 6891 6856 3437 3520 1606 537 5279 2618 
4671 2883 990 880 9353 9081 6210 8387 5926 2728 
242 6432 9946 8238 2407 3676 9579 5352 3578 8534 
489 4062 618 5638 8294 9398 192 5798 9743 9260 
1555 7430 3924 2714 1647 7553 6323 945 1292 5965 
6875 9482 4718 1572 1921 7772 5533 212 245 434 
6258 3077 4650 9800 6203 4579 5324 4720 5578 2016 
735 1532 1926 7014 3712 5122 6069 6127 3937 1473 
7645 931 7972 4834 9976 2254 9675 2249 8325 9936 
7904 9893 1606 7015 2568 935 7419 9626 1293 495 
